99.40
100.41
100.40
102.00
100.65
101.30
100.50
100.80
100.71
100.65
100.40
100.55
100.65
100.65
100.50
100.80
100.35
100.10
100.10
100.11
100.30
100.50
100.25
100.80
100.50
100.40
100.30
100.30
100.42
101.20
100.40
100.25
100.05
100.40
100.00
100.30
99.94
99.20
99.21
99.21
99.40
99.99
99.99
99.52
99.13
99.45
99.90
99.40
99.40
100.00
99.20
98.65
98.59
98.00
98.20
98.10
97.35
98.20
96.95
97.10
97.10
97.10
96.80
96.80
97.59
96.80
97.47
97.25
97.90
97.53
97.40
97.80
97.20
97.50
96.49
96.50
96.45
95.90
96.80
96.00
96.99
97.36
97.00
96.50
96.55
97.15
96.05
96.10
97.80
97.99
97.31
97.99
98.30
98.29
98.25
97.00
97.21
96.50
96.52
96.50
96.20
95.85
96.10
96.50
96.50
96.50
96.25
96.00
96.02
95.60
95.00
95.00
94.95
94.80
95.00
95.45
95.40
95.29
95.30
95.30
95.95
96.80
97.50
96.27
96.30
96.00
96.00
95.53
95.15
94.80
95.30
94.75
94.50
95.90
95.20
95.20
94.50
94.50
94.40
94.75
95.30
94.95
94.80
94.85
94.85
94.75
94.72
94.61
94.00
94.00
93.40
93.55
93.40
93.40
93.10
92.51
92.20
92.50
91.80
92.00
91.60
91.60
91.90
91.70
89.85
90.85
92.30
92.30
92.50
93.55
93.50
93.50
94.53
94.60
94.60
94.60
94.30
95.00
94.60
94.50
96.30
98.90
96.00
98.00
95.60
96.89
95.50
95.75
96.89
96.01
97.00
96.00
95.55
95.00
95.00
93.52
93.30
92.10
93.00
92.00
91.80
90.40
90.00
91.00
91.00
94.00
91.10
93.99
92.00
92.60
93.10
92.00
92.80
92.11
92.50
92.50
92.20
93.00
92.70
94.50
95.02
95.40
95.40
95.40
95.30
97.50
98.00
98.49
98.10
98.00
98.00
98.37
98.33
98.39
98.37
98.50
99.00
99.25
99.26
99.50
100.55
101.20
100.50
101.30
101.45
101.30
99.60
99.00
98.00
99.00
98.50
98.42
97.60
98.10
98.00
97.99
97.50
96.50
96.94
95.00
94.20
94.90
95.22
95.00
96.49
97.00
95.50
94.60
94.60
94.60
94.99
94.50
93.70
93.00
94.69
95.10
94.90
95.11
95.15
95.50
96.00
95.12
95.11
94.01
94.39
94.50
95.40
95.14
95.14
95.14
95.20
95.60
95.10
95.00
95.20
95.00
95.40
95.10
95.00
94.80
94.80
95.00
94.30
94.40
94.19
93.50
94.30
94.25
94.50
94.30
94.55
94.90
94.90
94.51
94.80
94.78
94.77
94.77
94.70
93.51
94.70
94.40
94.20
93.76
93.95
93.80
94.80
95.10
94.95
94.95
95.74
95.75
96.05
95.30
96.40
96.20
96.40
95.95
96.40
96.90
96.90
95.55
95.60
95.75
95.75
95.70
95.45
95.55
95.55
95.90
95.64
95.60
95.35
94.10
94.50
94.89
94.32
95.04
95.10
95.12
94.23
95.06
94.97
94.98
94.95
94.50
95.08
95.50
95.51
95.70
95.75
95.49
95.79
95.60
95.89
96.20
96.99
95.35
96.00
95.99
95.50
95.20
95.30
95.30
95.01
95.10
94.93
95.40
95.35
95.00
95.20
95.30
95.40
94.76
95.00
94.66
95.25
95.60
96.00
96.44
96.20
96.50
96.10
96.20
96.50
96.50
96.50
96.60
96.60
96.60
96.60
96.60
96.60
96.90
96.90
97.00
97.25
97.25
97.48
97.35
97.40
97.70
98.10
98.60
98.50
99.10
99.00
98.86
99.60
99.60
99.60
99.75
99.80
100.00
100.00
99.26
99.40
100.00
99.85
99.39
99.09
99.09
99.60
97.51
97.65
98.00
98.79
98.86
99.35
98.70
98.71
98.65
98.50
98.20
97.78
98.50
98.00
98.00
97.69
97.81
97.70
98.26
97.90
98.04
98.00
97.54
98.45
97.86
97.85
97.99
98.33
98.40
98.39
98.00
98.44
98.73
98.44
98.17
98.20
98.40
98.37
98.90
100.00
99.30
98.51
98.51
98.89
99.30
99.21
99.65
99.65
99.70
99.50
99.70
98.91
99.70
99.70
99.70
99.80
99.21
99.70
99.36
99.00
99.39
99.39
99.29
99.20
99.05
98.99
99.25
99.20
99.10
98.50
98.10
98.20
98.68
96.30
99.00
98.90
98.50
98.50
97.70
97.99
97.30
97.50
97.00
97.60
96.40
96.50
96.60
96.20
96.50
96.05
96.00
96.00
95.50
96.15
96.20
96.39
96.55
96.30
95.35
95.81
96.39
96.10
96.15
96.15
96.50
96.64
97.00
96.95
97.00
96.50
96.80
97.25
96.99
96.99
97.40
97.41
97.24
97.50
97.45
97.40
97.29
97.30
97.39
97.50
98.00
98.00
98.80
98.85
98.36
98.43
98.63
98.80
98.80
98.90
98.90
98.90
99.19
99.30
98.99
99.14
99.10
99.34
98.50
99.00
98.80
98.80
98.95
98.50
98.50
99.29
99.00
99.05
98.80
99.01
99.00
98.30
98.80
98.80
98.50
98.77
99.27
99.50
99.10
99.38
99.78
100.10
99.52
99.57
99.90
100.30
100.50
100.55
101.00
98.45
99.20
98.25
98.30
98.90
99.40
99.65
99.55
99.00
100.40
99.91
99.51
99.70
99.80
99.40
98.00
98.50
98.50
99.30
99.50
98.91
99.05
98.95
99.15
99.50
98.55
99.30
98.51
99.25
99.25
99.05
98.65
99.00
99.80
99.03
99.90
100.30
100.70
100.70
100.70
100.55
100.55
100.40
100.35
100.50
100.50
101.20
100.70
100.60
101.00
101.75
101.51
101.82
102.00
101.00
101.80
100.65
100.86
101.50
101.60
101.60
101.70
101.30
101.00
101.00
101.00
101.20
101.30
101.30
101.40
101.20
